0.529288
0.543702
0.536627
0.529989
0.533090
0.534397
0.529774
0.531797
0.540646
0.532387
0.530529
0.545917
0.535953
0.532712
0.550814
0.532153
0.535253
0.533658
0.538873
0.544103
0.534127
0.544810
0.558255
0.532706
0.541502
0.542177
0.533571
0.550971
0.532634
0.533191
0.531417
0.533142
0.536264
0.534770
0.532216
0.534364
0.532170
0.535356
0.531222
0.532722
0.534793
0.533967
0.534010
0.533703
0.535083
0.533088
0.534839
0.535083
0.532967
0.533281
0.535567
0.537289
0.544122
0.544211
0.531503
0.540788
0.548629
0.540826
0.543231
0.550462
0.539982
0.543213
0.533587
0.530261
0.531662
0.533175
0.533864
0.539282
0.532157
0.531579
0.532902
0.532314
0.530507
0.530820
0.534025
0.531946
0.533494
0.531466
0.535355
0.532689
0.531802
0.535367
0.533363
0.534328
0.531365
0.531658
0.531271
0.532013
0.530151
0.534338
0.530360
0.533529
0.535255
0.531033
0.534748
0.531565
0.532732
0.531426
0.529826
0.533591
0.529999
0.531376
0.532870
0.531605
0.533473
0.534181
0.530116
0.534829
0.533347
0.533800
0.534002
0.533792
0.532281
0.533196
0.529656
0.531131
0.531560
0.532297
0.534727
0.531249
0.530450
0.530000
0.532451
0.532733
0.532889
0.533141
0.533537
0.531324
0.531846
0.530843
0.535181
0.533014
0.532468
0.531622
0.536228
0.537971
0.533302
0.536882
0.547512
0.532952
0.533145
0.543275
0.530277
0.532785
0.532402
0.531103
0.541330
0.537923
0.562635
0.548821
0.533135
0.532751
0.532908
0.542683
0.536247
0.551095
0.542766
0.542659
0.544228
0.561660
0.548120
0.542389
0.544927
0.544724
0.537523
0.533849
0.527178
0.531914
0.556435
0.544790
0.550215
0.537757
0.536465
0.537028
0.537342
0.536990
0.535810
0.533922
0.533342
0.539643
0.533449
0.535442
0.534662
0.535535
0.534604
0.536505
0.533689
0.537408
0.535477
0.537378
0.536366
0.535745
0.535484
0.536790
0.536159
0.537149
0.538344
0.531517
0.538778
0.534995
0.536632
0.538062
0.533099
0.533746
0.533636
0.534129
0.538328
0.536924
0.550348
0.537855
0.533295
0.534301
0.533210
0.533264
0.535937
0.540413
0.539547
0.535193
0.533805
0.543372
0.536906
0.542872
0.532814
0.538544
0.540888
0.539785
0.544430
0.544354
0.545059
0.542021
0.535458
0.534161
0.542688
0.533619
0.534612
0.535888
0.533944
0.533258
0.538434
0.538263
0.537378
0.533129
0.537035
0.533771
0.534757
0.535930
0.534763
0.534600
0.540950
0.534506
0.534894
0.543310
0.532820
0.536399
0.538339
0.534017
0.538285
0.534180
0.544865
0.536587
0.541870
0.534514
0.539715
0.533718
0.535750
0.533038
0.543566
0.535292
0.532324
0.535801
0.535649
0.537664
0.537091
0.543280
0.534648
0.538691
0.534441
0.534209
0.534253
0.534593
0.535989
0.534251
0.533609
0.534806
0.533369
0.533901
0.534074
0.534222
0.535362
0.533743
0.534538
0.534623
0.534287
0.532967
0.533929
0.536837
0.538865
0.534292
0.533140
0.534153
0.546078
0.538772
0.539064
0.536274
0.535926
0.535404
0.534188
0.535045
0.534396
0.534681
0.536708
0.534877
0.536859
0.537875
0.544611
0.547981
0.534799
0.538733
0.537695
0.531894
0.541836
0.545045
0.542482
0.533577
0.540621
0.536615
0.534487
0.546771
0.531149
0.532639
0.546216
0.531621
0.534243
0.544616
0.535568
0.534778
0.534301
0.535731
0.534430
0.535147
0.538354
0.533387
0.534405
0.545802
0.537406
0.539815
0.534437
0.543360
0.539339
0.538414
0.535206
0.535217
0.536061
0.536994
0.536383
0.535991
0.536779
0.535634
0.533401
0.532406
0.532558
0.538442
0.536513
0.535059
0.535722
0.535796
0.534843
0.534475
0.534083
0.537632
0.536043
0.534674
0.535933
0.536545
0.535390
0.533526
0.534386
0.531721
0.535498
0.536231
0.534440
0.533533
0.533524
0.534468
0.533820
0.532673
0.533920
0.534638
0.535305
0.535423
0.534292
0.532471
0.537954
0.555864
0.551287
0.535766
0.533006
0.535378
0.534686
0.542562
0.543521
0.539371
0.536571
0.545329
0.534749
0.542284
0.535735
0.534377
0.535324
0.538552
0.534721
0.533904
0.535151
0.537560
0.535225
0.543204
0.534673
0.535747
0.535688
0.535942
0.536572
0.531494
0.533812
0.536763
0.534053
0.533712
0.537647
0.535095
0.537486
0.543254
0.538874
0.534310
0.534138
0.537395
0.540818
0.541576
0.548052
0.533907
0.537725
0.535166
0.535809
0.535354
0.534369
0.532373
0.533672
0.541343
0.536135
0.535897
0.543571
0.544675
0.540920
0.535270
0.543692
0.535238
0.538004
0.543422
0.533214
0.537187
0.535332
0.538997
0.534133
0.535930
0.532724
0.536631
0.533739
0.534286
0.532703
0.532654
0.536182
0.533617
0.534938
0.534396
0.536861
0.537307
0.540729
0.542211
0.533681
0.536475
0.536130
0.541012
0.549861
0.539562
0.535595
0.540193
0.536703
0.534073
0.543175
0.539495
0.542167
0.537601
0.543944
0.542986
0.537304
0.534030
0.544510
0.535536
0.543706
0.533848
0.538442
0.536297
0.535535
0.534049
0.532523
0.539481
0.535179
0.538381
0.537991
0.539760
0.538445
0.549816
0.534204
0.538792
0.536187
0.536011
0.540276
0.541198
0.535635
0.537702
0.536982
0.535887
0.534875
0.534683
0.535028
0.537289
0.535160
0.534126
0.535366
0.534407
0.534870
0.534762
0.538750
0.534689
0.532539
0.541819
0.536012
0.533660
0.534094
0.533981
0.533928
0.538450
0.535351
0.532907
0.535231
0.535281
0.534660
0.536663
0.537651
0.531187
0.535440
0.532538
0.532204
0.536760
0.532405
0.532099
0.546322
0.535966
0.533391
0.538176
0.535916
0.545523
0.533900
0.538621
0.536418
0.535185
0.535593
0.533836
0.534244
0.534022
0.538238
0.536116
0.534234
0.536186
0.533141
0.535812
0.533267
0.531675
0.535298
0.538070
0.533882
0.532951
0.532044
0.535684
0.533697
0.532813
0.535861
0.534779
0.533485
0.530522
0.532715
0.544127
0.554673
0.545867
0.547138
0.542516
0.542575
0.547550
0.545409
0.546137
0.533868
0.541123
