0.212036
0.214050
0.211782
0.217026
0.213609
0.217148
0.213976
0.215120
0.211618
0.214090
0.213182
0.217834
0.213720
0.214479
0.218910
0.212047
0.221545
0.220815
0.217191
0.212495
0.212187
0.214223
0.221675
0.215542
0.222825
0.219312
0.230399
0.212809
0.214346
0.212356
0.210980
0.212509
0.217389
0.214236
0.218598
0.213266
0.215363
0.212932
0.213334
0.213133
0.214441
0.218723
0.214741
0.215527
0.213395
0.212725
0.212073
0.216093
0.211228
0.211595
0.212922
0.213085
0.213627
0.215972
0.212383
0.224426
0.220065
0.221014
0.216312
0.215249
0.216888
0.212552
0.209684
0.213575
0.217813
0.211514
0.213250
0.212022
0.210979
0.213286
0.212364
0.218526
0.210338
0.213210
0.211767
0.210967
0.212175
0.211873
0.208665
0.211479
0.212140
0.209148
0.212418
0.212917
0.212779
0.212338
0.212089
0.211766
0.211958
0.213525
0.212623
0.213868
0.212450
0.212187
0.210737
0.212560
0.212758
0.210038
0.211006
0.211734
0.212440
0.214403
0.212469
0.212241
0.214868
0.215146
0.212662
0.211632
0.211013
0.213335
0.213571
0.214046
0.212022
0.214414
0.211354
0.211266
0.211917
0.210868
0.211410
0.210893
0.214478
0.213572
0.210540
0.210351
0.212133
0.212060
0.211710
0.211608
0.212999
0.212350
0.218996
0.213721
0.210803
0.212966
0.218476
0.212094
0.219470
0.217962
0.213742
0.215307
0.212600
0.217081
0.213374
0.210350
0.215334
0.212554
0.214268
0.211911
0.219973
0.215985
0.215839
0.213425
0.214972
0.218223
0.226200
0.218616
0.216735
0.218367
0.228335
0.227464
0.216915
0.216412
0.217770
0.216191
0.228610
0.213531
0.212228
0.251382
0.226247
0.224218
0.217405
0.218690
0.222936
0.217451
0.216236
0.216467
0.220936
0.212840
0.214711
0.214496
0.212129
0.214665
0.215600
0.212136
0.215631
0.217267
0.215228
0.214096
0.215075
0.215423
0.214160
0.213999
0.217454
0.214220
0.213922
0.216014
0.212114
0.218979
0.215629
0.213902
0.212729
0.215725
0.212069
0.215235
0.212839
0.211995
0.211440
0.213340
0.221662
0.220974
0.211657
0.212879
0.218158
0.214518
0.215357
0.221120
0.215101
0.218914
0.215796
0.213991
0.214782
0.211295
0.219192
0.213985
0.215841
0.215164
0.215159
0.213818
0.213402
0.218278
0.216762
0.212148
0.222709
0.215888
0.216856
0.216342
0.217007
0.214281
0.218345
0.214687
0.213843
0.216281
0.220618
0.212813
0.214777
0.218350
0.215907
0.215465
0.215124
0.216093
0.216279
0.216374
0.212435
0.222339
0.213893
0.221968
0.210908
0.214542
0.216830
0.213853
0.215715
0.218501
0.213771
0.213919
0.221069
0.217654
0.214383
0.215223
0.219006
0.213825
0.212708
0.211742
0.212379
0.213877
0.211914
0.217648
0.214219
0.216442
0.212979
0.213427
0.214187
0.213376
0.216451
0.216110
0.215914
0.216741
0.213185
0.211433
0.213738
0.215546
0.212208
0.216751
0.215099
0.215385
0.213926
0.213362
0.212815
0.213315
0.211961
0.217286
0.223790
0.217142
0.212801
0.215168
0.212390
0.210880
0.215325
0.217396
0.216425
0.213147
0.219843
0.213328
0.215508
0.213187
0.220421
0.212638
0.217864
0.212734
0.217842
0.213457
0.215504
0.214918
0.215668
0.214315
0.214449
0.215179
0.212852
0.214173
0.213715
0.213040
0.215107
0.215122
0.215390
0.211617
0.213817
0.215098
0.215270
0.218419
0.215431
0.211251
0.217978
0.214713
0.213264
0.215556
0.216775
0.213758
0.215387
0.213877
0.212451
0.221653
0.214930
0.214565
0.215188
0.219275
0.213829
0.217000
0.216781
0.212448
0.215288
0.215504
0.215037
0.216820
0.218065
0.215435
0.220907
0.215961
0.219879
0.215643
0.215276
0.215060
0.213936
0.214207
0.213398
0.217988
0.214703
0.214692
0.212342
0.212741
0.213404
0.218154
0.212735
0.213979
0.212877
0.217492
0.213810
0.215098
0.216642
0.215586
0.214884
0.210592
0.216744
0.212914
0.213656
0.223580
0.217208
0.214998
0.218897
0.219089
0.213379
0.216000
0.212789
0.217898
0.219285
0.217035
0.214689
0.216674
0.219747
0.211552
0.223234
0.214837
0.218272
0.212758
0.216536
0.215148
0.215655
0.212339
0.214124
0.216719
0.215873
0.214811
0.214476
0.219483
0.214416
0.215466
0.219296
0.218000
0.214920
0.213680
0.214322
0.212991
0.212096
0.216075
0.217026
0.214052
0.216559
0.217707
0.215963
0.213646
0.211965
0.218176
0.214667
0.215204
0.218734
0.216601
0.218078
0.213939
0.215251
0.219393
0.211611
0.224626
0.217540
0.218246
0.216575
0.213713
0.218194
0.216084
0.212949
0.212977
0.213862
0.214026
0.215826
0.213666
0.213496
0.216553
0.210533
0.215007
0.217886
0.216671
0.214877
0.213984
0.216374
0.216597
0.214492
0.217312
0.213613
0.215343
0.219562
0.216024
0.218993
0.218773
0.232964
0.219669
0.220534
0.216145
0.220356
0.215685
0.220666
0.216300
0.220359
0.213854
0.213979
0.221713
0.218407
0.216500
0.215968
0.217113
0.213999
0.214425
0.215875
0.211790
0.219698
0.218303
0.217769
0.216782
0.216495
0.218238
0.215410
0.216163
0.216100
0.214241
0.211798
0.218058
0.214991
0.217540
0.215424
0.215186
0.214922
0.212921
0.215203
0.216653
0.215058
0.217322
0.216254
0.215725
0.216983
0.216675
0.215768
0.214782
0.214282
0.215652
0.216116
0.215521
0.215414
0.218804
0.214742
0.210602
0.215580
0.216683
0.213730
0.217535
0.219700
0.213720
0.214807
0.215143
0.215423
0.215256
0.213836
0.214335
0.216167
0.218661
0.219688
0.213311
0.217009
0.214312
0.212213
0.215900
0.212649
0.215851
0.216804
0.213402
0.215491
0.216176
0.215178
0.213550
0.218205
0.222074
0.215575
0.215200
0.214951
0.215155
0.217035
0.216344
0.216707
0.212747
0.214701
0.215092
0.214808
0.215365
0.219195
0.219344
0.217326
0.216871
0.215858
0.216308
0.215144
0.214191
0.214114
0.215848
0.212568
0.219349
0.216196
0.215247
0.212519
0.211062
0.221071
0.215004
0.222540
0.217240
0.222727
0.216579
